<?xml version="1.0" standalone="no"?>
<!DOCTYPE svg PUBLIC "-//W3C//DTD SVG 20010904//EN"
 "http://www.w3.org/TR/2001/REC-SVG-20010904/DTD/svg10.dtd">
<svg version="1.0" xmlns="http://www.w3.org/2000/svg"
 width="502.000000pt" height="930.000000pt" viewBox="0 0 502.000000 930.000000"
 preserveAspectRatio="xMidYMid meet">

<g transform="translate(0.000000,930.000000) scale(0.100000,-0.100000)"
fill="#000000" stroke="none">
<path d="M3598 9124 c-16 -8 -28 -22 -28 -31 0 -13 4 -11 20 7 11 13 37 26 58
30 34 7 34 8 7 8 -16 1 -42 -6 -57 -14z"/>
<path d="M913 9123 c9 -2 23 -2 30 0 6 3 -1 5 -18 5 -16 0 -22 -2 -12 -5z"/>
<path d="M813 9113 c9 -2 23 -2 30 0 6 3 -1 5 -18 5 -16 0 -22 -2 -12 -5z"/>
<path d="M2420 9110 c0 -5 4 -10 9 -10 6 0 13 5 16 10 3 6 -1 10 -9 10 -9 0
-16 -4 -16 -10z"/>
<path d="M4191 9104 c0 -11 3 -14 6 -6 3 7 2 16 -1 19 -3 4 -6 -2 -5 -13z"/>
<path d="M650 9100 c-39 -9 -80 -54 -80 -87 0 -12 11 -43 25 -69 14 -26 25
-63 25 -83 0 -51 -27 -148 -54 -196 -65 -113 -157 -262 -173 -280 -10 -11 -17
-24 -15 -28 4 -14 -77 -155 -93 -161 -8 -3 -15 -15 -15 -26 0 -11 -11 -42 -24
-68 -30 -59 -74 -192 -82 -246 -4 -23 -14 -49 -22 -59 -13 -15 -13 -21 -2 -42
20 -38 6 -246 -21 -302 -25 -51 -19 -108 13 -143 19 -20 20 -31 16 -113 -4
-70 -10 -100 -27 -127 -25 -42 -29 -126 -6 -156 8 -10 15 -31 15 -46 0 -15 5
-30 10 -33 6 -4 10 -73 10 -175 0 -138 -3 -171 -15 -177 -13 -7 -13 -15 0 -63
17 -63 20 -176 5 -185 -7 -4 -6 -14 2 -28 7 -12 11 -26 9 -32 -2 -5 -2 -150
-2 -321 1 -268 0 -313 -14 -324 -19 -16 -19 -34 0 -50 16 -13 13 -64 -6 -124
-7 -22 -5 -33 6 -46 11 -13 15 -54 17 -200 4 -382 -1 -732 -12 -744 -6 -9 -7
-41 -2 -97 5 -46 7 -103 4 -125 -2 -24 1 -45 7 -48 16 -10 13 -103 -4 -137
-14 -27 -14 -33 0 -61 20 -40 22 -367 3 -386 -10 -10 -10 -17 0 -32 16 -27 16
-214 0 -240 -10 -16 -10 -24 0 -40 17 -27 17 -291 0 -308 -9 -9 -9 -15 0 -24
9 -9 12 -98 12 -340 0 -315 -1 -329 -20 -348 -11 -11 -20 -28 -20 -39 0 -10 9
-30 20 -44 23 -29 27 -96 8 -127 -10 -16 -10 -24 0 -40 8 -13 14 -84 19 -200
5 -166 5 -182 -12 -194 -14 -10 -15 -17 -6 -34 16 -29 14 -81 -4 -98 -19 -20
-19 -68 0 -84 24 -20 20 -141 -5 -182 -26 -42 -25 -88 1 -122 13 -17 24 -52
31 -99 10 -78 53 -161 89 -172 10 -4 19 -10 19 -15 0 -4 11 -11 25 -14 14 -4
23 -10 21 -15 -3 -5 2 -15 12 -22 15 -13 16 -12 3 4 -17 22 -20 22 109 -14
105 -29 337 -77 472 -98 138 -22 562 -61 713 -66 381 -13 565 -24 580 -35 11
-8 107 -6 240 4 189 16 352 23 536 25 107 1 208 5 225 10 27 7 41 33 191 357
232 499 356 819 468 1199 174 592 274 1189 315 1875 15 245 12 840 -5 1115
-47 762 -122 1263 -364 2445 -88 430 -136 755 -150 1018 -8 149 -5 359 5 421
l5 33 197 -7 c108 -4 199 -9 201 -11 2 -2 -5 -43 -17 -91 -85 -353 -119 -845
-92 -1358 29 -552 77 -949 270 -2230 228 -1515 276 -2232 205 -3095 -16 -191
-44 -389 -86 -615 -48 -254 -94 -429 -235 -888 -13 -43 -24 -82 -24 -86 0 -14
140 4 378 48 l103 19 -18 -22 c-9 -11 -11 -15 -3 -8 17 15 34 16 24 1 -5 -8
-1 -8 14 0 11 6 23 16 26 23 4 7 4 3 2 -9 -3 -19 -1 -21 14 -13 11 6 26 20 35
33 8 12 18 20 21 17 10 -9 123 112 143 154 11 22 24 69 30 103 5 34 15 71 21
83 9 17 8 26 -4 45 -14 21 -16 70 -16 345 0 213 4 328 11 342 8 14 8 23 0 31
-8 8 -11 129 -11 391 1 319 3 384 15 400 19 25 19 50 0 66 -12 10 -15 55 -14
279 0 146 -3 290 -7 319 -4 32 -2 52 4 52 16 0 35 58 29 93 -3 23 1 39 14 55
36 45 33 145 -5 192 -15 18 -36 89 -36 120 0 13 5 38 12 56 9 27 9 38 -2 59
-11 21 -12 32 -1 61 11 30 11 38 -3 52 -11 13 -14 32 -11 67 2 28 7 158 10
290 3 137 9 243 15 249 15 15 12 82 -5 96 -19 16 -19 24 1 67 13 26 14 39 6
56 -11 22 -12 34 -13 187 -3 449 0 582 11 595 10 11 10 25 1 59 -15 63 -15
203 2 209 10 3 10 9 0 26 -16 26 -19 661 -3 677 7 7 7 35 0 84 -16 124 -13
430 5 464 18 33 19 68 4 83 -9 9 -9 164 1 478 1 43 -20 213 -30 239 -5 15 -7
44 -4 65 5 34 3 41 -24 62 -16 14 -77 109 -140 219 -104 184 -110 198 -105
240 6 54 -24 107 -75 130 -27 13 -35 26 -54 83 -19 58 -20 71 -9 89 12 19 11
24 -9 40 -19 16 -21 24 -16 65 16 119 18 169 4 180 -10 9 -132 33 -165 33 -4
0 -8 -17 -7 -39 0 -29 -3 -38 -15 -37 -9 1 -20 -9 -26 -21 -5 -13 -13 -23 -18
-23 -4 0 -3 9 3 20 8 14 8 20 0 20 -6 0 -13 -7 -16 -15 -11 -28 -79 -36 -272
-31 -103 3 -367 10 -587 16 -448 12 -501 15 -508 35 -7 18 3 27 17 15 7 -5 18
-5 26 0 12 7 11 10 -4 16 -20 8 -52 -8 -49 -24 2 -9 -36 -9 -245 -2 -7 0 -10
5 -6 12 5 7 3 8 -7 2 -19 -12 -37 -16 -84 -18 -22 -1 -49 -7 -60 -13 -12 -7
-69 -12 -140 -12 -127 0 -207 -2 -920 -27 -247 -8 -459 -17 -470 -18 -11 -2
-35 2 -52 10 -18 7 -33 10 -33 7 0 -3 -7 0 -15 7 -8 7 -15 9 -15 6 0 -4 -7 -1
-15 8 -18 18 -19 40 -2 58 7 7 16 21 20 31 6 15 0 17 -41 16 -26 -1 -63 -5
-82 -9z m3646 -97 c-10 -10 -19 5 -10 18 6 11 8 11 12 0 2 -7 1 -15 -2 -18z
m-133 -30 c-7 -2 -19 -2 -25 0 -7 3 -2 5 12 5 14 0 19 -2 13 -5z m-2816 -568
c34 -35 87 -106 119 -157 112 -181 168 -329 180 -479 8 -92 -4 -249 -18 -249
-12 0 -131 95 -168 134 -22 25 -24 33 -21 114 6 193 -69 513 -154 658 -38 64
-11 55 62 -21z m1023 -427 c306 -187 615 -375 637 -387 31 -16 63 -14 63 4 0
48 -131 186 -277 293 -90 66 -92 68 -92 110 -1 24 4 42 10 42 22 0 246 -177
343 -270 151 -146 230 -263 243 -359 10 -76 -54 -138 -134 -129 -37 4 -41 -3
-16 -23 50 -42 130 -175 144 -240 9 -41 8 -54 -10 -94 -16 -37 -29 -50 -67
-66 -30 -14 -61 -20 -89 -17 l-43 3 57 -60 c125 -132 168 -216 150 -296 -19
-85 -75 -120 -189 -120 -86 0 -150 14 -307 68 -57 19 -105 34 -107 32 -2 -2
-1 -29 1 -59 l5 -56 92 -56 c134 -82 201 -135 301 -240 139 -143 205 -257 205
-351 0 -261 -453 -185 -827 139 -218 190 -333 363 -333 504 0 55 30 108 75
129 62 30 205 9 333 -50 36 -16 66 -29 68 -29 7 0 4 46 -6 82 -10 33 -19 41
-113 89 -242 124 -514 298 -672 430 -125 105 -326 305 -427 426 -167 200 -248
349 -256 468 -4 69 -3 75 23 100 24 25 32 27 74 22 26 -3 73 -17 104 -31 59
-26 77 -50 77 -101 0 -24 0 -24 -85 17 -136 65 -147 38 -47 -112 71 -106 335
-373 482 -487 133 -103 352 -249 500 -335 157 -91 161 -92 120 -32 -100 144
-399 466 -595 638 -91 81 -101 93 -108 133 -4 25 -5 48 -2 51 3 4 18 -6 33
-21 15 -14 61 -54 102 -89 235 -196 608 -605 722 -792 31 -51 40 -58 128 -99
131 -61 278 -107 344 -107 61 0 82 16 72 55 -7 29 -78 112 -121 141 -491 334
-682 503 -778 688 -27 53 -31 72 -32 138 0 74 1 78 34 112 34 35 34 36 15 51
-10 8 -22 15 -26 15 -9 0 -11 211 -2 235 6 14 9 14 28 2 11 -8 91 -57 176
-109z m914 -207 c27 -30 18 -83 -18 -100 -25 -12 -31 -11 -55 6 -32 24 -39 68
-15 94 22 24 66 24 88 0z m-1840 -519 l86 -84 -39 -76 c-21 -43 -72 -135 -113
-207 -118 -202 -158 -309 -158 -422 0 -72 6 -94 26 -86 24 9 146 -17 216 -47
186 -77 387 -249 458 -389 12 -25 24 -70 27 -100 4 -47 1 -61 -19 -91 -32 -47
-84 -64 -152 -50 -183 38 -383 211 -540 468 -22 34 -41 62 -44 62 -3 0 -2 -24
1 -52 23 -224 329 -648 657 -911 208 -167 485 -330 670 -395 346 -120 551 -90
579 86 16 104 -28 199 -154 331 -185 193 -422 321 -593 321 -73 0 -92 -12 -92
-58 1 -96 133 -205 311 -256 50 -14 58 -20 75 -58 23 -52 118 -180 167 -227
20 -19 34 -37 32 -41 -9 -14 -160 21 -260 61 -141 55 -216 102 -300 190 -104
109 -168 254 -151 344 19 99 127 150 266 125 213 -37 441 -162 620 -339 109
-109 175 -203 220 -314 76 -191 51 -361 -70 -470 -211 -189 -635 -115 -1092
192 -230 154 -398 301 -540 470 -321 384 -507 865 -411 1060 l20 41 -23 89
c-44 169 -41 317 7 461 25 72 212 460 221 457 4 -1 45 -40 92 -85z m2372
-1783 c20 -40 18 -108 -6 -147 -77 -126 -262 -75 -262 72 0 43 21 98 43 112 6
3 18 0 26 -8 13 -13 12 -19 -6 -49 -35 -57 -21 -107 36 -134 41 -20 94 -7 118
28 20 28 19 82 -2 117 -14 24 -14 31 -3 44 15 19 33 8 56 -35z m12 -321 l3
-28 -140 0 -141 0 0 25 c0 24 1 24 103 27 181 5 172 7 175 -24z m-320 -5 c-2
-22 -9 -29 -30 -31 -25 -3 -28 0 -28 27 0 28 3 31 31 31 27 0 30 -3 27 -27z
m277 -109 c23 -9 45 -57 45 -98 0 -43 -28 -116 -44 -116 -27 0 -35 22 -19 53
19 37 21 93 5 109 -20 20 -44 -3 -64 -62 -22 -67 -43 -90 -80 -90 -47 0 -78
39 -78 99 0 79 27 120 57 90 8 -8 7 -20 -3 -45 -18 -42 -18 -55 0 -79 19 -26
40 -8 61 54 22 68 41 91 75 91 15 0 36 -3 45 -6z m-2065 -154 l90 -61 0 -114
c0 -63 -2 -115 -5 -115 -3 0 -50 30 -105 67 l-101 67 2 113 c1 92 4 113 15
109 7 -3 54 -33 104 -66z m2090 -148 c24 -30 27 -97 6 -146 -17 -41 -28 -49
-50 -33 -15 11 -14 15 5 54 25 50 16 96 -18 101 -18 3 -24 -7 -43 -62 -31 -96
-84 -123 -135 -71 -20 19 -25 34 -25 74 0 79 23 115 58 92 12 -7 11 -14 -2
-39 -20 -38 -20 -62 -2 -87 20 -27 39 -8 61 58 19 59 31 76 59 86 30 12 65 1
86 -27z m-1615 -549 c217 -134 271 -161 289 -143 27 27 -73 147 -238 285 -93
78 -95 81 -96 123 0 24 4 42 9 40 6 -1 68 -50 140 -106 172 -136 335 -306 384
-399 62 -118 47 -205 -39 -233 -19 -7 -46 -10 -60 -7 -13 2 -24 3 -24 1 0 -2
20 -25 45 -52 66 -68 115 -171 115 -239 0 -87 -25 -119 -110 -138 -14 -3 -58
1 -97 8 -40 8 -73 12 -73 9 0 -2 30 -37 68 -77 192 -205 261 -395 189 -518
-85 -144 -283 -147 -544 -6 -51 27 -93 48 -93 45 0 -3 5 -27 10 -53 10 -44 16
-51 73 -88 207 -133 382 -284 473 -411 124 -173 126 -311 4 -382 -179 -106
-611 113 -876 442 -159 197 -201 384 -109 476 35 34 37 35 113 34 62 0 93 -7
156 -32 44 -17 82 -30 84 -28 6 7 -25 72 -61 128 -18 29 -79 107 -133 173 -54
66 -109 134 -120 150 -34 48 -74 132 -78 162 -2 16 -7 36 -11 46 -11 26 1 110
20 147 39 75 131 90 232 40 66 -33 138 -103 149 -144 7 -28 -16 -73 -42 -83
-56 -21 -157 50 -175 123 -9 36 -15 44 -35 44 -29 0 -47 -32 -39 -70 14 -64
139 -213 260 -309 66 -53 217 -142 311 -184 128 -56 224 -57 260 -2 68 103
-86 299 -465 595 -257 200 -430 399 -467 540 -20 79 -14 127 23 170 l26 31
-22 15 c-19 14 -21 24 -21 128 0 62 3 115 6 118 3 4 90 -49 192 -116 103 -67
282 -181 397 -253z m1635 272 c0 -16 -6 -25 -15 -25 -19 0 -19 -9 0 -34 21
-28 19 -95 -5 -133 -24 -40 -61 -51 -105 -30 -41 19 -59 69 -53 138 5 53 -6
63 -38 32 -13 -14 -16 -29 -11 -84 5 -60 4 -68 -13 -72 -24 -6 -40 36 -40 109
0 42 5 59 25 83 30 35 41 38 163 40 92 1 92 1 92 -24z m-529 -230 c-87 -155
-126 -303 -126 -485 0 -128 1 -138 29 -193 15 -32 46 -77 67 -99 21 -23 39
-44 39 -47 0 -3 -21 -21 -45 -40 -86 -64 -153 -193 -182 -346 -19 -103 -11
-304 17 -470 12 -66 23 -131 25 -145 2 -14 19 -88 39 -166 77 -305 99 -437
100 -594 0 -131 -2 -153 -26 -223 -84 -250 -274 -380 -553 -379 -480 2 -992
326 -1345 853 -160 238 -250 481 -250 672 0 79 14 128 47 168 70 82 161 76
290 -22 114 -86 124 -209 17 -209 -70 0 -139 65 -152 143 -7 36 -11 42 -35 45
-57 7 -74 -38 -52 -140 64 -308 495 -772 937 -1007 394 -210 740 -224 894 -34
136 166 134 385 -7 970 -192 796 -185 1128 31 1474 87 138 254 348 267 335 3
-3 -9 -30 -26 -61z m529 -98 c0 -23 -2 -24 -127 -30 -71 -4 -158 -7 -195 -7
l-68 0 0 30 0 30 195 0 195 0 0 -23z m-14 -148 c32 -63 8 -156 -50 -194 -60
-40 -157 -23 -193 32 -35 54 -32 148 7 188 18 18 21 18 36 4 14 -15 14 -19 -5
-50 -28 -45 -26 -71 5 -108 22 -26 33 -31 70 -31 82 0 121 76 77 150 -14 24
-14 31 -3 44 15 19 33 8 56 -35z"/>
<path d="M2267 7753 c-12 -12 -7 -43 12 -81 103 -202 708 -595 780 -508 53 64
-113 203 -588 495 -154 95 -188 111 -204 94z"/>
<path d="M2266 6389 c-31 -25 -33 -49 -5 -105 58 -122 195 -157 276 -72 29 31
69 97 61 102 -2 1 -23 14 -48 28 -120 67 -234 86 -284 47z"/>
<path d="M2651 6225 c-13 -25 -51 -70 -83 -100 l-59 -54 76 -53 c161 -112 279
-168 373 -176 51 -4 66 -1 82 13 67 61 -38 202 -261 351 -53 35 -98 64 -100
64 -2 0 -15 -20 -28 -45z"/>
<path d="M3230 7760 c20 -13 43 -13 35 0 -3 6 -16 10 -28 10 -18 0 -19 -2 -7
-10z"/>
<path d="M3202 7730 c0 -14 2 -19 5 -12 2 6 2 18 0 25 -3 6 -5 1 -5 -13z"/>
<path d="M3262 7731 c-11 -7 -11 -9 2 -14 10 -4 16 -1 16 8 0 17 -1 17 -18 6z"/>
<path d="M3223 7689 c11 -7 23 -7 35 0 14 9 11 10 -18 10 -29 0 -32 -1 -17
-10z"/>
<path d="M1260 6285 c0 -19 76 -144 121 -201 58 -73 169 -179 233 -223 113
-78 223 -104 247 -60 52 98 -197 362 -424 450 -79 30 -177 49 -177 34z"/>
<path d="M1700 4200 c0 -49 33 -101 114 -178 235 -223 525 -408 629 -400 40 3
42 5 45 37 3 31 -4 41 -70 105 -40 39 -127 108 -193 152 -196 132 -491 314
-509 314 -11 0 -16 -9 -16 -30z"/>
<path d="M1735 2700 c-77 -31 -47 -148 55 -217 50 -35 104 -31 145 10 34 34
62 104 52 131 -7 18 -85 54 -157 72 -63 16 -67 16 -95 4z"/>
<path d="M2045 2513 c-17 -39 -47 -85 -71 -110 l-42 -42 86 -61 c262 -186 462
-234 462 -112 0 61 -55 133 -175 231 -60 50 -218 161 -227 161 -2 0 -17 -30
-33 -67z"/>
<path d="M3700 4361 c0 -62 14 -86 47 -79 9 2 24 15 32 29 26 46 -6 109 -55
109 -23 0 -24 -3 -24 -59z"/>
<path d="M2696 9071 c-3 -5 1 -11 9 -15 15 -6 29 7 18 18 -9 9 -21 8 -27 -3z"/>
<path d="M3108 9063 c7 -3 16 -2 19 1 4 3 -2 6 -13 5 -11 0 -14 -3 -6 -6z"/>
<path d="M4002 9038 c-15 -15 -16 -38 0 -38 6 0 8 3 5 7 -4 3 0 15 10 25 18
20 4 25 -15 6z"/>
<path d="M4414 524 c-18 -14 -18 -14 6 -3 31 14 36 19 24 19 -6 0 -19 -7 -30
-16z"/>
<path d="M637 483 c26 -27 54 -58 61 -68 15 -23 12 -15 -12 38 -9 20 -21 35
-25 32 -5 -2 -14 2 -22 11 -7 8 -21 20 -31 25 -10 6 3 -12 29 -38z"/>
<path d="M4360 485 c-13 -14 -22 -27 -19 -29 2 -2 14 10 27 25 29 36 24 38 -8
4z"/>
<path d="M4313 414 c3 -4 0 -19 -9 -35 -8 -16 -12 -29 -10 -29 6 0 36 55 36
65 0 3 -5 5 -12 5 -6 0 -9 -3 -5 -6z"/>
<path d="M3935 389 c-4 -6 -4 -13 -1 -16 3 -4 6 -1 6 6 0 7 5 9 12 5 7 -4 8
-3 4 4 -9 15 -13 15 -21 1z"/>
<path d="M3890 378 c0 -4 4 -8 9 -8 6 0 12 4 15 8 3 5 -1 9 -9 9 -8 0 -15 -4
-15 -9z"/>
<path d="M3757 374 c-8 -5 -327 -17 -523 -19 -133 -1 -247 -5 -253 -9 -6 -4
-11 -3 -11 3 0 5 -10 7 -22 4 -46 -11 -83 -11 -95 -1 -8 6 -13 7 -13 1 0 -6
-12 -10 -27 -11 -16 0 -45 -2 -65 -4 -21 -3 -38 -1 -38 2 0 4 -16 6 -35 5 -19
-1 -35 1 -35 5 0 3 -9 6 -20 7 -11 1 -20 -4 -20 -10 0 -7 -4 -6 -11 3 -8 11
-12 12 -16 3 -7 -18 -33 -16 -33 1 0 13 -4 13 -27 1 -20 -10 -31 -11 -40 -3
-10 8 -13 7 -13 -3 0 -11 -2 -11 -9 0 -8 12 -12 12 -24 3 -19 -16 -137 -14
-137 2 0 6 -6 4 -13 -4 -7 -9 -23 -14 -37 -13 -73 9 -419 2 -425 -8 -7 -10 -8
-10 66 -14 31 -1 61 -5 68 -9 6 -4 11 -1 11 6 0 10 2 10 8 0 5 -6 19 -12 33
-11 13 0 112 -3 219 -8 303 -13 916 -5 1050 13 19 2 58 6 85 9 113 9 183 16
245 21 36 3 76 7 90 9 14 3 47 7 75 11 67 8 94 24 37 21 -24 -1 -44 -3 -45 -3z"/>
<path d="M755 320 c10 -11 20 -20 23 -20 3 0 -3 9 -13 20 -10 11 -20 20 -23
20 -3 0 3 -9 13 -20z"/>
<path d="M4265 321 c-6 -5 -17 -11 -25 -13 -8 -2 -21 -9 -28 -15 -7 -7 -22
-14 -33 -14 -22 -2 -28 -3 -49 -12 -16 -7 -55 -15 -110 -24 -19 -2 -39 -9 -44
-13 -5 -5 -15 -6 -24 -3 -9 4 -13 2 -9 -4 4 -6 -7 -10 -26 -11 -18 -1 -43 -4
-57 -7 -14 -3 -43 -7 -65 -10 -22 -3 -56 -8 -75 -10 -54 -8 -230 -27 -275 -30
-315 -25 -515 -32 -860 -28 -187 2 -353 4 -370 4 -16 0 -70 0 -120 0 -107 0
-306 7 -390 15 -33 3 -91 7 -130 9 -132 8 -230 17 -237 21 -5 3 -8 1 -8 -4 0
-5 75 -16 168 -25 270 -27 430 -36 773 -43 428 -8 1037 15 1369 52 350 39 597
103 636 166 7 11 0 10 -11 -1z"/>
<path d="M970 230 c34 -11 60 -11 35 0 -11 5 -29 8 -40 8 -16 0 -15 -2 5 -8z"/>
<path d="M1060 210 c14 -4 34 -8 45 -8 16 0 15 2 -5 8 -14 4 -34 8 -45 8 -16
0 -15 -2 5 -8z"/>
<path d="M1143 193 c9 -2 23 -2 30 0 6 3 -1 5 -18 5 -16 0 -22 -2 -12 -5z"/>
<path d="M1225 179 c22 -4 54 -8 70 -7 l30 0 -30 8 c-16 4 -48 8 -70 8 l-40 0
40 -9z"/>
</g>
</svg>
